 -5.0000E+00  2.2441E+00  2.2365E+00  1.1516E+00  1.1503E+00
 -4.9500E+00  2.2331E+00  2.2255E+00  1.1498E+00  1.1485E+00
 -4.9000E+00  2.2220E+00  2.2144E+00  1.1479E+00  1.1466E+00
 -4.8500E+00  2.2109E+00  2.2032E+00  1.1460E+00  1.1447E+00
 -4.8000E+00  2.1998E+00  2.1921E+00  1.1441E+00  1.1428E+00
 -4.7500E+00  2.1886E+00  2.1808E+00  1.1422E+00  1.1409E+00
 -4.7000E+00  2.1773E+00  2.1695E+00  1.1402E+00  1.1389E+00
 -4.6500E+00  2.1660E+00  2.1582E+00  1.1383E+00  1.1369E+00
 -4.6000E+00  2.1546E+00  2.1468E+00  1.1363E+00  1.1349E+00
 -4.5500E+00  2.1432E+00  2.1354E+00  1.1342E+00  1.1328E+00
 -4.5000E+00  2.1317E+00  2.1238E+00  1.1322E+00  1.1307E+00
 -4.4500E+00  2.1202E+00  2.1123E+00  1.1301E+00  1.1286E+00
 -4.4000E+00  2.1086E+00  2.1007E+00  1.1280E+00  1.1265E+00
 -4.3500E+00  2.0969E+00  2.0890E+00  1.1258E+00  1.1243E+00
 -4.3000E+00  2.0852E+00  2.0773E+00  1.1236E+00  1.1221E+00
 -4.2500E+00  2.0734E+00  2.0655E+00  1.1214E+00  1.1199E+00
 -4.2000E+00  2.0616E+00  2.0536E+00  1.1192E+00  1.1176E+00
 -4.1500E+00  2.0497E+00  2.0417E+00  1.1169E+00  1.1153E+00
 -4.1000E+00  2.0377E+00  2.0297E+00  1.1146E+00  1.1130E+00
 -4.0500E+00  2.0257E+00  2.0177E+00  1.1122E+00  1.1107E+00
 -4.0000E+00  2.0136E+00  2.0056E+00  1.1099E+00  1.1083E+00
 -3.9500E+00  2.0015E+00  1.9934E+00  1.1074E+00  1.1058E+00
 -3.9000E+00  1.9892E+00  1.9812E+00  1.1050E+00  1.1034E+00
 -3.8500E+00  1.9769E+00  1.9689E+00  1.1025E+00  1.1008E+00
 -3.8000E+00  1.9646E+00  1.9565E+00  1.1000E+00  1.0983E+00
 -3.7500E+00  1.9522E+00  1.9440E+00  1.0974E+00  1.0957E+00
 -3.7000E+00  1.9396E+00  1.9315E+00  1.0948E+00  1.0931E+00
 -3.6500E+00  1.9271E+00  1.9190E+00  1.0921E+00  1.0904E+00
 -3.6000E+00  1.9144E+00  1.9063E+00  1.0894E+00  1.0877E+00
 -3.5500E+00  1.9017E+00  1.8936E+00  1.0867E+00  1.0849E+00
 -3.5000E+00  1.8889E+00  1.8808E+00  1.0839E+00  1.0821E+00
 -3.4500E+00  1.8760E+00  1.8679E+00  1.0811E+00  1.0793E+00
 -3.4000E+00  1.8631E+00  1.8550E+00  1.0782E+00  1.0764E+00
 -3.3500E+00  1.8500E+00  1.8419E+00  1.0752E+00  1.0734E+00
 -3.3000E+00  1.8369E+00  1.8288E+00  1.0723E+00  1.0704E+00
 -3.2500E+00  1.8237E+00  1.8157E+00  1.0692E+00  1.0674E+00
 -3.2000E+00  1.8104E+00  1.8024E+00  1.0661E+00  1.0643E+00
 -3.1500E+00  1.7970E+00  1.7890E+00  1.0630E+00  1.0611E+00
 -3.1000E+00  1.7836E+00  1.7756E+00  1.0598E+00  1.0579E+00
 -3.0500E+00  1.7700E+00  1.7621E+00  1.0565E+00  1.0546E+00
 -3.0000E+00  1.7564E+00  1.7485E+00  1.0532E+00  1.0513E+00
 -2.9500E+00  1.7427E+00  1.7348E+00  1.0498E+00  1.0479E+00
 -2.9000E+00  1.7289E+00  1.7210E+00  1.0464E+00  1.0444E+00
 -2.8500E+00  1.7149E+00  1.7072E+00  1.0429E+00  1.0409E+00
 -2.8000E+00  1.7009E+00  1.6932E+00  1.0393E+00  1.0373E+00
 -2.7500E+00  1.6868E+00  1.6791E+00  1.0357E+00  1.0337E+00
 -2.7000E+00  1.6726E+00  1.6650E+00  1.0319E+00  1.0299E+00
 -2.6500E+00  1.6583E+00  1.6507E+00  1.0282E+00  1.0261E+00
 -2.6000E+00  1.6439E+00  1.6364E+00  1.0243E+00  1.0223E+00
 -2.5500E+00  1.6294E+00  1.6220E+00  1.0203E+00  1.0183E+00
 -2.5000E+00  1.6147E+00  1.6074E+00  1.0163E+00  1.0143E+00
 -2.4500E+00  1.6000E+00  1.5928E+00  1.0122E+00  1.0102E+00
 -2.4000E+00  1.5851E+00  1.5780E+00  1.0080E+00  1.0060E+00
 -2.3500E+00  1.5702E+00  1.5631E+00  1.0037E+00  1.0017E+00
 -2.3000E+00  1.5551E+00  1.5482E+00  9.9932E-01  9.9729E-01
 -2.2500E+00  1.5399E+00  1.5331E+00  9.9484E-01  9.9281E-01
 -2.2000E+00  1.5245E+00  1.5179E+00  9.9026E-01  9.8824E-01
 -2.1500E+00  1.5091E+00  1.5025E+00  9.8558E-01  9.8357E-01
 -2.1000E+00  1.4935E+00  1.4871E+00  9.8079E-01  9.7880E-01
 -2.0500E+00  1.4778E+00  1.4715E+00  9.7589E-01  9.7392E-01
 -2.0000E+00  1.4620E+00  1.4559E+00  9.7088E-01  9.6893E-01
 -1.9500E+00  1.4460E+00  1.4401E+00  9.6575E-01  9.6383E-01
 -1.9000E+00  1.4299E+00  1.4241E+00  9.6050E-01  9.5861E-01
 -1.8500E+00  1.4136E+00  1.4081E+00  9.5512E-01  9.5326E-01
 -1.8000E+00  1.3972E+00  1.3919E+00  9.4960E-01  9.4779E-01
 -1.7500E+00  1.3807E+00  1.3755E+00  9.4395E-01  9.4218E-01
 -1.7000E+00  1.3640E+00  1.3591E+00  9.3816E-01  9.3644E-01
 -1.6500E+00  1.3471E+00  1.3424E+00  9.3222E-01  9.3056E-01
 -1.6000E+00  1.3301E+00  1.3257E+00  9.2613E-01  9.2453E-01
 -1.5500E+00  1.3129E+00  1.3088E+00  9.1988E-01  9.1835E-01
 -1.5000E+00  1.2956E+00  1.2917E+00  9.1346E-01  9.1201E-01
 -1.4500E+00  1.2781E+00  1.2745E+00  9.0687E-01  9.0551E-01
 -1.4000E+00  1.2604E+00  1.2572E+00  9.0009E-01  8.9884E-01
 -1.3500E+00  1.2425E+00  1.2396E+00  8.9313E-01  8.9199E-01
 -1.3000E+00  1.2245E+00  1.2219E+00  8.8598E-01  8.8495E-01
 -1.2500E+00  1.2063E+00  1.2041E+00  8.7862E-01  8.7773E-01
 -1.2000E+00  1.1879E+00  1.1861E+00  8.7105E-01  8.7030E-01
 -1.1500E+00  1.1692E+00  1.1679E+00  8.6326E-01  8.6267E-01
 -1.1000E+00  1.1504E+00  1.1495E+00  8.5523E-01  8.5482E-01
 -1.0500E+00  1.1314E+00  1.1309E+00  8.4696E-01  8.4675E-01
 -1.0000E+00  1.1121E+00  1.1122E+00  8.3844E-01  8.3845E-01
 -9.5000E-01  1.0927E+00  1.0932E+00  8.2966E-01  8.2990E-01
 -9.0000E-01  1.0730E+00  1.0741E+00  8.2060E-01  8.2109E-01
 -8.5000E-01  1.0531E+00  1.0547E+00  8.1125E-01  8.1202E-01
 -8.0000E-01  1.0329E+00  1.0352E+00  8.0160E-01  8.0268E-01
 -7.5000E-01  1.0126E+00  1.0154E+00  7.9163E-01  7.9304E-01
 -7.0000E-01  9.9191E-01  9.9542E-01  7.8134E-01  7.8310E-01
 -6.5000E-01  9.7101E-01  9.7522E-01  7.7069E-01  7.7285E-01
 -6.0000E-01  9.4984E-01  9.5479E-01  7.5968E-01  7.6228E-01
 -5.5000E-01  9.2840E-01  9.3413E-01  7.4828E-01  7.5135E-01
 -5.0000E-01  9.0667E-01  9.1323E-01  7.3649E-01  7.4008E-01
 -4.5000E-01  8.8466E-01  8.9208E-01  7.2427E-01  7.2842E-01
 -4.0000E-01  8.6235E-01  8.7068E-01  7.1162E-01  7.1638E-01
 -3.5000E-01  8.3972E-01  8.4902E-01  6.9850E-01  7.0392E-01
 -3.0000E-01  8.1678E-01  8.2709E-01  6.8489E-01  6.9104E-01
 -2.5000E-01  7.9351E-01  8.0489E-01  6.7077E-01  6.7771E-01
 -2.0000E-01  7.6990E-01  7.8241E-01  6.5612E-01  6.6392E-01
 -1.5000E-01  7.4594E-01  7.5963E-01  6.4090E-01  6.4964E-01
 -1.0000E-01  7.2162E-01  7.3657E-01  6.2509E-01  6.3485E-01
 -5.0000E-02  6.9692E-01  7.1319E-01  6.0866E-01  6.1952E-01
 -4.1633E-16  6.7183E-01  6.8950E-01  5.9157E-01  6.0364E-01
  5.0000E-02  6.4635E-01  6.6549E-01  5.7380E-01  5.8718E-01
  1.0000E-01  6.2044E-01  6.4114E-01  5.5531E-01  5.7012E-01
  1.5000E-01  5.9411E-01  6.1644E-01  5.3607E-01  5.5242E-01
  2.0000E-01  5.6732E-01  5.9140E-01  5.1604E-01  5.3407E-01
  2.5000E-01  5.4007E-01  5.6598E-01  4.9519E-01  5.1503E-01
  3.0000E-01  5.1235E-01  5.4020E-01  4.7348E-01  4.9528E-01
  3.5000E-01  4.8412E-01  5.1402E-01  4.5086E-01  4.7480E-01
  4.0000E-01  4.5537E-01  4.8744E-01  4.2731E-01  4.5355E-01
  4.5000E-01  4.2609E-01  4.6044E-01  4.0279E-01  4.3151E-01
  5.0000E-01  3.9624E-01  4.3302E-01  3.7726E-01  4.0865E-01
  5.5000E-01  3.6580E-01  4.0516E-01  3.5068E-01  3.8495E-01
  6.0000E-01  3.3476E-01  3.7684E-01  3.2304E-01  3.6038E-01
  6.5000E-01  3.0309E-01  3.4804E-01  2.9429E-01  3.3493E-01
  7.0000E-01  2.7075E-01  3.1876E-01  2.6441E-01  3.0858E-01
  7.5000E-01  2.3772E-01  2.8897E-01  2.3339E-01  2.8131E-01
  8.0000E-01  2.0397E-01  2.5865E-01  2.0121E-01  2.5311E-01
  8.5000E-01  1.6947E-01  2.2780E-01  1.6787E-01  2.2397E-01
  9.0000E-01  1.3417E-01  1.9638E-01  1.3338E-01  1.9391E-01
  9.5000E-01  9.8055E-02  1.6437E-01  9.7742E-02  1.6291E-01
  1.0000E+00  6.1072E-02  1.3176E-01  6.0996E-02  1.3100E-01
  1.0500E+00  2.3181E-02  9.8516E-02  2.3177E-02  9.8199E-02
  1.1000E+00 -1.5661E-02  6.4620E-02 -1.5660E-02  6.4530E-02
  1.1500E+00 -5.5503E-02  3.0044E-02 -5.5446E-02  3.0035E-02
  1.2000E+00 -9.6397E-02 -5.2383E-03 -9.6100E-02 -5.2383E-03
  1.2500E+00 -1.3840E-01 -4.1257E-02 -1.3752E-01 -4.1233E-02
  1.3000E+00 -1.8156E-01 -7.8041E-02 -1.7961E-01 -7.7883E-02
  1.3500E+00 -2.2596E-01 -1.1562E-01 -2.2222E-01 -1.1511E-01
  1.4000E+00 -2.7165E-01 -1.5404E-01 -2.6525E-01 -1.5284E-01
  1.4500E+00 -3.1871E-01 -1.9332E-01 -3.0853E-01 -1.9096E-01
  1.5000E+00 -3.6722E-01 -2.3351E-01 -3.5194E-01 -2.2940E-01
  1.5500E+00 -4.1727E-01 -2.7464E-01 -3.9531E-01 -2.6803E-01
  1.6000E+00 -4.6895E-01 -3.1677E-01 -4.3850E-01 -3.0677E-01
  1.6500E+00 -5.2236E-01 -3.5992E-01 -4.8138E-01 -3.4549E-01
  1.7000E+00 -5.7761E-01 -4.0417E-01 -5.2380E-01 -3.8409E-01
  1.7500E+00 -6.3482E-01 -4.4954E-01 -5.6563E-01 -4.2247E-01
  1.8000E+00 -6.9412E-01 -4.9611E-01 -6.0677E-01 -4.6053E-01
  1.8500E+00 -7.5565E-01 -5.4393E-01 -6.4711E-01 -4.9817E-01
  1.9000E+00 -8.1957E-01 -5.9306E-01 -6.8656E-01 -5.3530E-01
  1.9500E+00 -8.8604E-01 -6.4356E-01 -7.2505E-01 -5.7184E-01
  2.0000E+00 -9.5526E-01 -6.9552E-01 -7.6252E-01 -6.0772E-01
  2.0500E+00 -1.0274E+00 -7.4901E-01 -7.9893E-01 -6.4287E-01
  2.1000E+00 -1.1028E+00 -8.0411E-01 -8.3424E-01 -6.7724E-01
  2.1500E+00 -1.1816E+00 -8.6091E-01 -8.6843E-01 -7.1079E-01
  2.2000E+00 -1.2640E+00 -9.1950E-01 -9.0150E-01 -7.4349E-01
  2.2500E+00 -1.3506E+00 -9.8000E-01 -9.3345E-01 -7.7530E-01
  2.3000E+00 -1.4414E+00 -1.0425E+00 -9.6428E-01 -8.0620E-01
  2.3500E+00 -1.5371E+00 -1.1071E+00 -9.9402E-01 -8.3620E-01
  2.4000E+00 -1.6379E+00 -1.1740E+00 -1.0227E+00 -8.6528E-01
  2.4500E+00 -1.7445E+00 -1.2433E+00 -1.0503E+00 -8.9345E-01
  2.5000E+00 -1.8573E+00 -1.3152E+00 -1.0769E+00 -9.2071E-01
  2.5500E+00 -1.9770E+00 -1.3898E+00 -1.1025E+00 -9.4708E-01
  2.6000E+00 -2.1043E+00 -1.4673E+00 -1.1272E+00 -9.7257E-01
  2.6500E+00 -2.2401E+00 -1.5479E+00 -1.1509E+00 -9.9720E-01
  2.7000E+00 -2.3852E+00 -1.6318E+00 -1.1738E+00 -1.0210E+00
  2.7500E+00 -2.5409E+00 -1.7193E+00 -1.1959E+00 -1.0440E+00
  2.8000E+00 -2.7085E+00 -1.8106E+00 -1.2171E+00 -1.0662E+00
  2.8500E+00 -2.8893E+00 -1.9060E+00 -1.2376E+00 -1.0876E+00
  2.9000E+00 -3.0853E+00 -2.0059E+00 -1.2574E+00 -1.1083E+00
  2.9500E+00 -3.2986E+00 -2.1106E+00 -1.2764E+00 -1.1283E+00
  3.0000E+00 -3.5317E+00 -2.2204E+00 -1.2949E+00 -1.1476E+00
  3.0500E+00 -3.7877E+00 -2.3359E+00 -1.3127E+00 -1.1663E+00
  3.1000E+00 -4.0703E+00 -2.4575E+00 -1.3299E+00 -1.1843E+00
  3.1500E+00 -4.3843E+00 -2.5857E+00 -1.3465E+00 -1.2018E+00
  3.2000E+00 -4.7353E+00 -2.7212E+00 -1.3627E+00 -1.2186E+00
  3.2500E+00 -5.1307E+00 -2.8647E+00 -1.3783E+00 -1.2349E+00
  3.3000E+00 -5.5798E+00 -3.0170E+00 -1.3935E+00 -1.2507E+00
  3.3500E+00 -6.0948E+00 -3.1789E+00 -1.4082E+00 -1.2660E+00
  3.4000E+00 -6.6918E+00 -3.3515E+00 -1.4225E+00 -1.2808E+00
  3.4500E+00 -7.3927E+00 -3.5360E+00 -1.4363E+00 -1.2952E+00
  3.5000E+00 -8.2280E+00 -3.7336E+00 -1.4499E+00 -1.3091E+00
  3.5500E+00 -9.2415E+00 -3.9460E+00 -1.4630E+00 -1.3226E+00
  3.6000E+00 -1.0498E+01 -4.1750E+00 -1.4758E+00 -1.3357E+00
  3.6500E+00 -1.2098E+01 -4.4228E+00 -1.4883E+00 -1.3484E+00
  3.7000E+00 -1.4209E+01 -4.6918E+00 -1.5005E+00 -1.3608E+00
  3.7500E+00 -1.7121E+01 -4.9850E+00 -1.5125E+00 -1.3728E+00
  3.8000E+00 -2.1406E+01 -5.3060E+00 -1.5241E+00 -1.3845E+00
  3.8500E+00 -2.8340E+01 -5.6592E+00 -1.5355E+00 -1.3959E+00
  3.9000E+00 -4.1497E+01 -6.0499E+00 -1.5467E+00 -1.4070E+00
  3.9500E+00 -7.6135E+01 -6.4845E+00 -1.5577E+00 -1.4178E+00
  4.0000E+00 -4.2031E+02 -6.9712E+00 -1.5684E+00 -1.4283E+00
  4.0500E+00  1.2219E+02 -7.5203E+00 -1.5790E+00 -1.4386E+00
  4.1000E+00  5.3848E+01 -8.1448E+00 -1.5894E+00 -1.4486E+00
  4.1500E+00  3.4728E+01 -8.8619E+00 -1.5996E+00 -1.4584E+00
  4.2000E+00  2.5727E+01 -9.6942E+00 -1.6096E+00 -1.4680E+00
  4.2500E+00  2.0488E+01 -1.0673E+01 -1.6196E+00 -1.4774E+00
  4.3000E+00  1.7057E+01 -1.1840E+01 -1.6294E+00 -1.4865E+00
  4.3500E+00  1.4635E+01 -1.3257E+01 -1.6390E+00 -1.4955E+00
  4.4000E+00  1.2831E+01 -1.5016E+01 -1.6486E+00 -1.5043E+00
  4.4500E+00  1.1435E+01 -1.7258E+01 -1.6580E+00 -1.5129E+00
  4.5000E+00  1.0321E+01 -2.0215E+01 -1.6674E+00 -1.5214E+00
  4.5500E+00  9.4103E+00 -2.4299E+01 -1.6767E+00 -1.5297E+00
  4.6000E+00  8.6518E+00 -3.0307E+01 -1.6859E+00 -1.5378E+00
  4.6500E+00  8.0093E+00 -4.0028E+01 -1.6950E+00 -1.5458E+00
  4.7000E+00  7.4576E+00 -5.8455E+01 -1.7041E+00 -1.5537E+00
  4.7500E+00  6.9783E+00 -1.0683E+02 -1.7131E+00 -1.5614E+00
  4.8000E+00  6.5576E+00 -5.7601E+02 -1.7221E+00 -1.5691E+00
  4.8500E+00  6.1849E+00  1.7318E+02 -1.7311E+00 -1.5766E+00
  4.9000E+00  5.8522E+00  7.5887E+01 -1.7400E+00 -1.5840E+00
  4.9500E+00  5.5530E+00  4.8828E+01 -1.7490E+00 -1.5913E+00
