 -5.0000E+00  1.9993E+00  1.9660E+00  1.1070E+00  1.1003E+00
 -4.9500E+00  1.9856E+00  1.9535E+00  1.1042E+00  1.0977E+00
 -4.9000E+00  1.9718E+00  1.9409E+00  1.1014E+00  1.0950E+00
 -4.8500E+00  1.9580E+00  1.9282E+00  1.0986E+00  1.0924E+00
 -4.8000E+00  1.9442E+00  1.9155E+00  1.0957E+00  1.0897E+00
 -4.7500E+00  1.9304E+00  1.9027E+00  1.0928E+00  1.0869E+00
 -4.7000E+00  1.9165E+00  1.8898E+00  1.0899E+00  1.0841E+00
 -4.6500E+00  1.9026E+00  1.8768E+00  1.0869E+00  1.0812E+00
 -4.6000E+00  1.8887E+00  1.8638E+00  1.0838E+00  1.0783E+00
 -4.5500E+00  1.8747E+00  1.8507E+00  1.0808E+00  1.0754E+00
 -4.5000E+00  1.8606E+00  1.8375E+00  1.0776E+00  1.0724E+00
 -4.4500E+00  1.8466E+00  1.8242E+00  1.0745E+00  1.0693E+00
 -4.4000E+00  1.8324E+00  1.8108E+00  1.0712E+00  1.0662E+00
 -4.3500E+00  1.8182E+00  1.7974E+00  1.0680E+00  1.0631E+00
 -4.3000E+00  1.8040E+00  1.7838E+00  1.0646E+00  1.0599E+00
 -4.2500E+00  1.7897E+00  1.7702E+00  1.0612E+00  1.0566E+00
 -4.2000E+00  1.7753E+00  1.7565E+00  1.0578E+00  1.0532E+00
 -4.1500E+00  1.7608E+00  1.7427E+00  1.0543E+00  1.0498E+00
 -4.1000E+00  1.7463E+00  1.7288E+00  1.0507E+00  1.0464E+00
 -4.0500E+00  1.7317E+00  1.7148E+00  1.0471E+00  1.0428E+00
 -4.0000E+00  1.7171E+00  1.7007E+00  1.0434E+00  1.0392E+00
 -3.9500E+00  1.7023E+00  1.6865E+00  1.0397E+00  1.0356E+00
 -3.9000E+00  1.6875E+00  1.6722E+00  1.0358E+00  1.0318E+00
 -3.8500E+00  1.6726E+00  1.6578E+00  1.0319E+00  1.0280E+00
 -3.8000E+00  1.6576E+00  1.6434E+00  1.0280E+00  1.0241E+00
 -3.7500E+00  1.6425E+00  1.6288E+00  1.0239E+00  1.0202E+00
 -3.7000E+00  1.6273E+00  1.6141E+00  1.0198E+00  1.0161E+00
 -3.6500E+00  1.6121E+00  1.5993E+00  1.0156E+00  1.0120E+00
 -3.6000E+00  1.5967E+00  1.5843E+00  1.0113E+00  1.0078E+00
 -3.5500E+00  1.5813E+00  1.5693E+00  1.0069E+00  1.0035E+00
 -3.5000E+00  1.5657E+00  1.5542E+00  1.0024E+00  9.9906E-01
 -3.4500E+00  1.5500E+00  1.5389E+00  9.9784E-01  9.9456E-01
 -3.4000E+00  1.5343E+00  1.5236E+00  9.9317E-01  9.8996E-01
 -3.3500E+00  1.5184E+00  1.5081E+00  9.8840E-01  9.8526E-01
 -3.3000E+00  1.5024E+00  1.4924E+00  9.8353E-01  9.8046E-01
 -3.2500E+00  1.4863E+00  1.4767E+00  9.7855E-01  9.7555E-01
 -3.2000E+00  1.4701E+00  1.4608E+00  9.7345E-01  9.7052E-01
 -3.1500E+00  1.4537E+00  1.4448E+00  9.6824E-01  9.6538E-01
 -3.1000E+00  1.4372E+00  1.4287E+00  9.6291E-01  9.6011E-01
 -3.0500E+00  1.4207E+00  1.4124E+00  9.5746E-01  9.5472E-01
 -3.0000E+00  1.4039E+00  1.3960E+00  9.5187E-01  9.4920E-01
 -2.9500E+00  1.3871E+00  1.3795E+00  9.4615E-01  9.4355E-01
 -2.9000E+00  1.3701E+00  1.3628E+00  9.4029E-01  9.3775E-01
 -2.8500E+00  1.3529E+00  1.3459E+00  9.3429E-01  9.3181E-01
 -2.8000E+00  1.3357E+00  1.3290E+00  9.2814E-01  9.2572E-01
 -2.7500E+00  1.3183E+00  1.3118E+00  9.2183E-01  9.1947E-01
 -2.7000E+00  1.3007E+00  1.2945E+00  9.1536E-01  9.1306E-01
 -2.6500E+00  1.2830E+00  1.2771E+00  9.0872E-01  9.0648E-01
 -2.6000E+00  1.2651E+00  1.2594E+00  9.0190E-01  8.9972E-01
 -2.5500E+00  1.2471E+00  1.2416E+00  8.9490E-01  8.9278E-01
 -2.5000E+00  1.2288E+00  1.2237E+00  8.8772E-01  8.8565E-01
 -2.4500E+00  1.2105E+00  1.2056E+00  8.8033E-01  8.7833E-01
 -2.4000E+00  1.1919E+00  1.1872E+00  8.7274E-01  8.7079E-01
 -2.3500E+00  1.1732E+00  1.1687E+00  8.6493E-01  8.6305E-01
 -2.3000E+00  1.1543E+00  1.1501E+00  8.5691E-01  8.5508E-01
 -2.2500E+00  1.1352E+00  1.1312E+00  8.4865E-01  8.4687E-01
 -2.2000E+00  1.1160E+00  1.1121E+00  8.4014E-01  8.3842E-01
 -2.1500E+00  1.0965E+00  1.0928E+00  8.3138E-01  8.2972E-01
 -2.1000E+00  1.0768E+00  1.0733E+00  8.2236E-01  8.2076E-01
 -2.0500E+00  1.0569E+00  1.0537E+00  8.1307E-01  8.1152E-01
 -2.0000E+00  1.0368E+00  1.0338E+00  8.0348E-01  8.0199E-01
 -1.9500E+00  1.0165E+00  1.0136E+00  7.9360E-01  7.9216E-01
 -1.9000E+00  9.9601E-01  9.9327E-01  7.8340E-01  7.8202E-01
 -1.8500E+00  9.7526E-01  9.7268E-01  7.7287E-01  7.7155E-01
 -1.8000E+00  9.5427E-01  9.5185E-01  7.6200E-01  7.6073E-01
 -1.7500E+00  9.3304E-01  9.3078E-01  7.5077E-01  7.4956E-01
 -1.7000E+00  9.1157E-01  9.0945E-01  7.3917E-01  7.3801E-01
 -1.6500E+00  8.8984E-01  8.8787E-01  7.2717E-01  7.2607E-01
 -1.6000E+00  8.6785E-01  8.6602E-01  7.1477E-01  7.1372E-01
 -1.5500E+00  8.4559E-01  8.4389E-01  7.0193E-01  7.0094E-01
 -1.5000E+00  8.2306E-01  8.2149E-01  6.8865E-01  6.8771E-01
 -1.4500E+00  8.0025E-01  7.9880E-01  6.7489E-01  6.7401E-01
 -1.4000E+00  7.7714E-01  7.7581E-01  6.6065E-01  6.5982E-01
 -1.3500E+00  7.5374E-01  7.5252E-01  6.4589E-01  6.4511E-01
 -1.3000E+00  7.3002E-01  7.2892E-01  6.3059E-01  6.2987E-01
 -1.2500E+00  7.0599E-01  7.0499E-01  6.1473E-01  6.1407E-01
 -1.2000E+00  6.8163E-01  6.8073E-01  5.9829E-01  5.9767E-01
 -1.1500E+00  6.5693E-01  6.5612E-01  5.8123E-01  5.8067E-01
 -1.1000E+00  6.3189E-01  6.3117E-01  5.6354E-01  5.6302E-01
 -1.0500E+00  6.0648E-01  6.0585E-01  5.4517E-01  5.4471E-01
 -1.0000E+00  5.8071E-01  5.8015E-01  5.2611E-01  5.2570E-01
 -9.5000E-01  5.5455E-01  5.5407E-01  5.0633E-01  5.0596E-01
 -9.0000E-01  5.2800E-01  5.2759E-01  4.8580E-01  4.8547E-01
 -8.5000E-01  5.0104E-01  5.0070E-01  4.6448E-01  4.6420E-01
 -8.0000E-01  4.7367E-01  4.7338E-01  4.4236E-01  4.4212E-01
 -7.5000E-01  4.4586E-01  4.4562E-01  4.1940E-01  4.1921E-01
 -7.0000E-01  4.1759E-01  4.1741E-01  3.9558E-01  3.9542E-01
 -6.5000E-01  3.8887E-01  3.8872E-01  3.7087E-01  3.7075E-01
 -6.0000E-01  3.5966E-01  3.5956E-01  3.4526E-01  3.4516E-01
 -5.5000E-01  3.2996E-01  3.2988E-01  3.1871E-01  3.1864E-01
 -5.0000E-01  2.9974E-01  2.9969E-01  2.9122E-01  2.9117E-01
 -4.5000E-01  2.6899E-01  2.6896E-01  2.6277E-01  2.6274E-01
 -4.0000E-01  2.3768E-01  2.3767E-01  2.3335E-01  2.3334E-01
 -3.5000E-01  2.0580E-01  2.0580E-01  2.0297E-01  2.0296E-01
 -3.0000E-01  1.7332E-01  1.7332E-01  1.7162E-01  1.7162E-01
 -2.5000E-01  1.4023E-01  1.4023E-01  1.3932E-01  1.3932E-01
 -2.0000E-01  1.0649E-01  1.0648E-01  1.0609E-01  1.0608E-01
 -1.5000E-01  7.2087E-02  7.2062E-02  7.1962E-02  7.1937E-02
 -1.0000E-01  3.6988E-02  3.6941E-02  3.6971E-02  3.6925E-02
 -5.0000E-02  1.1670E-03  1.0921E-03  1.1670E-03  1.0921E-03
 -4.1633E-16 -3.5406E-02 -3.5516E-02 -3.5391E-02 -3.5501E-02
  5.0000E-02 -7.2762E-02 -7.2914E-02 -7.2634E-02 -7.2785E-02
  1.0000E-01 -1.1093E-01 -1.1114E-01 -1.1048E-01 -1.1068E-01
  1.5000E-01 -1.4996E-01 -1.5022E-01 -1.4885E-01 -1.4910E-01
  2.0000E-01 -1.8987E-01 -1.9019E-01 -1.8764E-01 -1.8795E-01
  2.5000E-01 -2.3071E-01 -2.3111E-01 -2.2674E-01 -2.2712E-01
  3.0000E-01 -2.7252E-01 -2.7300E-01 -2.6606E-01 -2.6650E-01
  3.5000E-01 -3.1535E-01 -3.1591E-01 -3.0548E-01 -3.0599E-01
  4.0000E-01 -3.5923E-01 -3.5989E-01 -3.4488E-01 -3.4546E-01
  4.5000E-01 -4.0423E-01 -4.0500E-01 -3.8415E-01 -3.8481E-01
  5.0000E-01 -4.5039E-01 -4.5128E-01 -4.2318E-01 -4.2392E-01
  5.5000E-01 -4.9778E-01 -4.9879E-01 -4.6187E-01 -4.6268E-01
  6.0000E-01 -5.4645E-01 -5.4760E-01 -5.0011E-01 -5.0100E-01
  6.5000E-01 -5.9647E-01 -5.9776E-01 -5.3782E-01 -5.3877E-01
  7.0000E-01 -6.4790E-01 -6.4936E-01 -5.7490E-01 -5.7592E-01
  7.5000E-01 -7.0084E-01 -7.0246E-01 -6.1129E-01 -6.1237E-01
  8.0000E-01 -7.5534E-01 -7.5714E-01 -6.4691E-01 -6.4806E-01
  8.5000E-01 -8.1151E-01 -8.1350E-01 -6.8172E-01 -6.8292E-01
  9.0000E-01 -8.6942E-01 -8.7163E-01 -7.1566E-01 -7.1692E-01
  9.5000E-01 -9.2919E-01 -9.3162E-01 -7.4871E-01 -7.5001E-01
  1.0000E+00 -9.9093E-01 -9.9359E-01 -7.8084E-01 -7.8218E-01
  1.0500E+00 -1.0547E+00 -1.0577E+00 -8.1203E-01 -8.1341E-01
  1.1000E+00 -1.1207E+00 -1.1239E+00 -8.4227E-01 -8.4368E-01
  1.1500E+00 -1.1891E+00 -1.1926E+00 -8.7157E-01 -8.7300E-01
  1.2000E+00 -1.2599E+00 -1.2637E+00 -8.9991E-01 -9.0137E-01
  1.2500E+00 -1.3334E+00 -1.3375E+00 -9.2733E-01 -9.2880E-01
  1.3000E+00 -1.4097E+00 -1.4142E+00 -9.5382E-01 -9.5531E-01
  1.3500E+00 -1.4891E+00 -1.4939E+00 -9.7941E-01 -9.8091E-01
  1.4000E+00 -1.5716E+00 -1.5768E+00 -1.0041E+00 -1.0056E+00
  1.4500E+00 -1.6576E+00 -1.6633E+00 -1.0280E+00 -1.0295E+00
  1.5000E+00 -1.7473E+00 -1.7534E+00 -1.0510E+00 -1.0525E+00
  1.5500E+00 -1.8410E+00 -1.8476E+00 -1.0732E+00 -1.0747E+00
  1.6000E+00 -1.9390E+00 -1.9461E+00 -1.0946E+00 -1.0961E+00
  1.6500E+00 -2.0416E+00 -2.0492E+00 -1.1153E+00 -1.1168E+00
  1.7000E+00 -2.1492E+00 -2.1574E+00 -1.1353E+00 -1.1368E+00
  1.7500E+00 -2.2623E+00 -2.2711E+00 -1.1546E+00 -1.1560E+00
  1.8000E+00 -2.3812E+00 -2.3907E+00 -1.1732E+00 -1.1746E+00
  1.8500E+00 -2.5065E+00 -2.5167E+00 -1.1912E+00 -1.1926E+00
  1.9000E+00 -2.6388E+00 -2.6498E+00 -1.2086E+00 -1.2099E+00
  1.9500E+00 -2.7788E+00 -2.7906E+00 -1.2254E+00 -1.2267E+00
  2.0000E+00 -2.9271E+00 -2.9399E+00 -1.2416E+00 -1.2429E+00
  2.0500E+00 -3.0847E+00 -3.0984E+00 -1.2573E+00 -1.2586E+00
  2.1000E+00 -3.2525E+00 -3.2672E+00 -1.2725E+00 -1.2738E+00
  2.1500E+00 -3.4315E+00 -3.4474E+00 -1.2872E+00 -1.2885E+00
  2.2000E+00 -3.6231E+00 -3.6403E+00 -1.3015E+00 -1.3027E+00
  2.2500E+00 -3.8287E+00 -3.8473E+00 -1.3153E+00 -1.3165E+00
  2.3000E+00 -4.0500E+00 -4.0701E+00 -1.3287E+00 -1.3299E+00
  2.3500E+00 -4.2890E+00 -4.3108E+00 -1.3417E+00 -1.3429E+00
  2.4000E+00 -4.5480E+00 -4.5716E+00 -1.3544E+00 -1.3554E+00
  2.4500E+00 -4.8297E+00 -4.8554E+00 -1.3666E+00 -1.3677E+00
  2.5000E+00 -5.1375E+00 -5.1656E+00 -1.3786E+00 -1.3796E+00
  2.5500E+00 -5.4753E+00 -5.5060E+00 -1.3901E+00 -1.3911E+00
  2.6000E+00 -5.8479E+00 -5.8816E+00 -1.4014E+00 -1.4024E+00
  2.6500E+00 -6.2612E+00 -6.2983E+00 -1.4124E+00 -1.4133E+00
  2.7000E+00 -6.7224E+00 -6.7634E+00 -1.4231E+00 -1.4240E+00
  2.7500E+00 -7.2407E+00 -7.2864E+00 -1.4336E+00 -1.4344E+00
  2.8000E+00 -7.8277E+00 -7.8788E+00 -1.4437E+00 -1.4445E+00
  2.8500E+00 -8.4985E+00 -8.5560E+00 -1.4537E+00 -1.4544E+00
  2.9000E+00 -9.2726E+00 -9.3380E+00 -1.4634E+00 -1.4641E+00
  2.9500E+00 -1.0177E+01 -1.0252E+01 -1.4728E+00 -1.4736E+00
  3.0000E+00 -1.1247E+01 -1.1334E+01 -1.4821E+00 -1.4828E+00
  3.0500E+00 -1.2534E+01 -1.2637E+01 -1.4912E+00 -1.4918E+00
  3.1000E+00 -1.4113E+01 -1.4237E+01 -1.5001E+00 -1.5007E+00
  3.1500E+00 -1.6097E+01 -1.6249E+01 -1.5088E+00 -1.5093E+00
  3.2000E+00 -1.8667E+01 -1.8860E+01 -1.5173E+00 -1.5178E+00
  3.2500E+00 -2.2128E+01 -2.2383E+01 -1.5256E+00 -1.5261E+00
  3.3000E+00 -2.7045E+01 -2.7402E+01 -1.5338E+00 -1.5343E+00
  3.3500E+00 -3.4588E+01 -3.5135E+01 -1.5419E+00 -1.5423E+00
  3.4000E+00 -4.7635E+01 -4.8606E+01 -1.5498E+00 -1.5502E+00
  3.4500E+00 -7.5699E+01 -7.7995E+01 -1.5576E+00 -1.5580E+00
  3.5000E+00 -1.8000E+02 -1.9244E+02 -1.5652E+00 -1.5656E+00
  3.5500E+00  5.0538E+02  4.3319E+02 -1.5728E+00 -1.5731E+00
  3.6000E+00  1.0639E+02  1.0308E+02 -1.5802E+00 -1.5805E+00
  3.6500E+00  5.9831E+01  5.8866E+01 -1.5875E+00 -1.5878E+00
  3.7000E+00  4.1791E+01  4.1364E+01 -1.5947E+00 -1.5950E+00
  3.7500E+00  3.2206E+01  3.1978E+01 -1.6018E+00 -1.6021E+00
  3.8000E+00  2.6258E+01  2.6123E+01 -1.6089E+00 -1.6091E+00
  3.8500E+00  2.2204E+01  2.2119E+01 -1.6158E+00 -1.6160E+00
  3.9000E+00  1.9263E+01  1.9207E+01 -1.6227E+00 -1.6228E+00
  3.9500E+00  1.7030E+01  1.6993E+01 -1.6294E+00 -1.6296E+00
  4.0000E+00  1.5276E+01  1.5251E+01 -1.6362E+00 -1.6363E+00
  4.0500E+00  1.3861E+01  1.3844E+01 -1.6428E+00 -1.6429E+00
  4.1000E+00  1.2695E+01  1.2683E+01 -1.6494E+00 -1.6495E+00
  4.1500E+00  1.1716E+01  1.1709E+01 -1.6559E+00 -1.6560E+00
  4.2000E+00  1.0883E+01  1.0878E+01 -1.6624E+00 -1.6625E+00
  4.2500E+00  1.0165E+01  1.0162E+01 -1.6689E+00 -1.6689E+00
  4.3000E+00  9.5389E+00  9.5371E+00 -1.6752E+00 -1.6753E+00
  4.3500E+00  8.9879E+00  8.9870E+00 -1.6816E+00 -1.6816E+00
  4.4000E+00  8.4991E+00  8.4987E+00 -1.6879E+00 -1.6879E+00
  4.4500E+00  8.0621E+00  8.0620E+00 -1.6942E+00 -1.6942E+00
  4.5000E+00  7.6689E+00  7.6689E+00 -1.7005E+00 -1.7005E+00
  4.5500E+00  7.3130E+00  7.3129E+00 -1.7067E+00 -1.7067E+00
  4.6000E+00  6.9891E+00  6.9888E+00 -1.7129E+00 -1.7129E+00
  4.6500E+00  6.6930E+00  6.6924E+00 -1.7191E+00 -1.7191E+00
  4.7000E+00  6.4209E+00  6.4199E+00 -1.7253E+00 -1.7253E+00
  4.7500E+00  6.1700E+00  6.1685E+00 -1.7315E+00 -1.7315E+00
  4.8000E+00  5.9377E+00  5.9357E+00 -1.7376E+00 -1.7377E+00
  4.8500E+00  5.7218E+00  5.7192E+00 -1.7438E+00 -1.7439E+00
  4.9000E+00  5.5206E+00  5.5174E+00 -1.7500E+00 -1.7501E+00
  4.9500E+00  5.3325E+00  5.3286E+00 -1.7562E+00 -1.7563E+00
