 -5.0000E+00  1.7595E+00  1.7515E+00  1.0540E+00  1.0520E+00
 -4.9500E+00  1.7453E+00  1.7375E+00  1.0505E+00  1.0486E+00
 -4.9000E+00  1.7310E+00  1.7234E+00  1.0469E+00  1.0450E+00
 -4.8500E+00  1.7166E+00  1.7092E+00  1.0433E+00  1.0414E+00
 -4.8000E+00  1.7022E+00  1.6949E+00  1.0396E+00  1.0378E+00
 -4.7500E+00  1.6876E+00  1.6805E+00  1.0359E+00  1.0340E+00
 -4.7000E+00  1.6729E+00  1.6660E+00  1.0320E+00  1.0302E+00
 -4.6500E+00  1.6581E+00  1.6514E+00  1.0281E+00  1.0263E+00
 -4.6000E+00  1.6432E+00  1.6366E+00  1.0241E+00  1.0223E+00
 -4.5500E+00  1.6282E+00  1.6218E+00  1.0200E+00  1.0183E+00
 -4.5000E+00  1.6131E+00  1.6068E+00  1.0159E+00  1.0141E+00
 -4.4500E+00  1.5979E+00  1.5918E+00  1.0116E+00  1.0099E+00
 -4.4000E+00  1.5826E+00  1.5766E+00  1.0073E+00  1.0055E+00
 -4.3500E+00  1.5671E+00  1.5613E+00  1.0028E+00  1.0011E+00
 -4.3000E+00  1.5515E+00  1.5458E+00  9.9828E-01  9.9661E-01
 -4.2500E+00  1.5358E+00  1.5303E+00  9.9364E-01  9.9199E-01
 -4.2000E+00  1.5200E+00  1.5146E+00  9.8890E-01  9.8726E-01
 -4.1500E+00  1.5041E+00  1.4988E+00  9.8404E-01  9.8243E-01
 -4.1000E+00  1.4880E+00  1.4829E+00  9.7908E-01  9.7748E-01
 -4.0500E+00  1.4718E+00  1.4668E+00  9.7400E-01  9.7242E-01
 -4.0000E+00  1.4554E+00  1.4506E+00  9.6880E-01  9.6724E-01
 -3.9500E+00  1.4390E+00  1.4343E+00  9.6347E-01  9.6194E-01
 -3.9000E+00  1.4223E+00  1.4178E+00  9.5801E-01  9.5650E-01
 -3.8500E+00  1.4056E+00  1.4011E+00  9.5242E-01  9.5093E-01
 -3.8000E+00  1.3887E+00  1.3844E+00  9.4670E-01  9.4522E-01
 -3.7500E+00  1.3716E+00  1.3674E+00  9.4082E-01  9.3937E-01
 -3.7000E+00  1.3544E+00  1.3503E+00  9.3480E-01  9.3336E-01
 -3.6500E+00  1.3370E+00  1.3331E+00  9.2862E-01  9.2720E-01
 -3.6000E+00  1.3195E+00  1.3157E+00  9.2227E-01  9.2088E-01
 -3.5500E+00  1.3018E+00  1.2981E+00  9.1576E-01  9.1439E-01
 -3.5000E+00  1.2839E+00  1.2804E+00  9.0908E-01  9.0773E-01
 -3.4500E+00  1.2659E+00  1.2624E+00  9.0221E-01  9.0088E-01
 -3.4000E+00  1.2477E+00  1.2443E+00  8.9515E-01  8.9384E-01
 -3.3500E+00  1.2293E+00  1.2261E+00  8.8789E-01  8.8660E-01
 -3.3000E+00  1.2107E+00  1.2076E+00  8.8043E-01  8.7916E-01
 -3.2500E+00  1.1920E+00  1.1890E+00  8.7275E-01  8.7151E-01
 -3.2000E+00  1.1730E+00  1.1701E+00  8.6485E-01  8.6363E-01
 -3.1500E+00  1.1539E+00  1.1511E+00  8.5671E-01  8.5551E-01
 -3.1000E+00  1.1345E+00  1.1318E+00  8.4833E-01  8.4716E-01
 -3.0500E+00  1.1150E+00  1.1124E+00  8.3970E-01  8.3854E-01
 -3.0000E+00  1.0952E+00  1.0927E+00  8.3080E-01  8.2967E-01
 -2.9500E+00  1.0752E+00  1.0728E+00  8.2162E-01  8.2051E-01
 -2.9000E+00  1.0550E+00  1.0527E+00  8.1215E-01  8.1107E-01
 -2.8500E+00  1.0346E+00  1.0324E+00  8.0238E-01  8.0132E-01
 -2.8000E+00  1.0139E+00  1.0118E+00  7.9229E-01  7.9126E-01
 -2.7500E+00  9.9297E-01  9.9096E-01  7.8187E-01  7.8086E-01
 -2.7000E+00  9.7181E-01  9.6989E-01  7.7110E-01  7.7012E-01
 -2.6500E+00  9.5040E-01  9.4857E-01  7.5997E-01  7.5901E-01
 -2.6000E+00  9.2873E-01  9.2698E-01  7.4846E-01  7.4753E-01
 -2.5500E+00  9.0679E-01  9.0513E-01  7.3655E-01  7.3564E-01
 -2.5000E+00  8.8457E-01  8.8300E-01  7.2422E-01  7.2334E-01
 -2.4500E+00  8.6207E-01  8.6058E-01  7.1146E-01  7.1060E-01
 -2.4000E+00  8.3928E-01  8.3787E-01  6.9824E-01  6.9741E-01
 -2.3500E+00  8.1620E-01  8.1486E-01  6.8454E-01  6.8374E-01
 -2.3000E+00  7.9280E-01  7.9154E-01  6.7034E-01  6.6956E-01
 -2.2500E+00  7.6909E-01  7.6791E-01  6.5561E-01  6.5486E-01
 -2.2000E+00  7.4505E-01  7.4394E-01  6.4033E-01  6.3961E-01
 -2.1500E+00  7.2068E-01  7.1964E-01  6.2447E-01  6.2378E-01
 -2.1000E+00  6.9596E-01  6.9499E-01  6.0801E-01  6.0735E-01
 -2.0500E+00  6.7089E-01  6.6998E-01  5.9092E-01  5.9029E-01
 -2.0000E+00  6.4545E-01  6.4460E-01  5.7317E-01  5.7257E-01
 -1.9500E+00  6.1962E-01  6.1884E-01  5.5472E-01  5.5416E-01
 -1.9000E+00  5.9341E-01  5.9269E-01  5.3556E-01  5.3502E-01
 -1.8500E+00  5.6680E-01  5.6613E-01  5.1565E-01  5.1514E-01
 -1.8000E+00  5.3976E-01  5.3915E-01  4.9495E-01  4.9448E-01
 -1.7500E+00  5.1230E-01  5.1174E-01  4.7344E-01  4.7300E-01
 -1.7000E+00  4.8439E-01  4.8388E-01  4.5108E-01  4.5067E-01
 -1.6500E+00  4.5602E-01  4.5556E-01  4.2785E-01  4.2747E-01
 -1.6000E+00  4.2718E-01  4.2677E-01  4.0371E-01  4.0336E-01
 -1.5500E+00  3.9784E-01  3.9747E-01  3.7864E-01  3.7833E-01
 -1.5000E+00  3.6799E-01  3.6767E-01  3.5261E-01  3.5233E-01
 -1.4500E+00  3.3762E-01  3.3733E-01  3.2560E-01  3.2535E-01
 -1.4000E+00  3.0670E-01  3.0645E-01  2.9759E-01  2.9736E-01
 -1.3500E+00  2.7521E-01  2.7500E-01  2.6856E-01  2.6836E-01
 -1.3000E+00  2.4313E-01  2.4295E-01  2.3850E-01  2.3834E-01
 -1.2500E+00  2.1045E-01  2.1030E-01  2.0742E-01  2.0728E-01
 -1.2000E+00  1.7712E-01  1.7700E-01  1.7531E-01  1.7519E-01
 -1.1500E+00  1.4315E-01  1.4305E-01  1.4218E-01  1.4209E-01
 -1.1000E+00  1.0848E-01  1.0841E-01  1.0806E-01  1.0799E-01
 -1.0500E+00  7.3109E-02  7.3054E-02  7.2979E-02  7.2925E-02
 -1.0000E+00  3.6994E-02  3.6956E-02  3.6977E-02  3.6939E-02
 -9.5000E-01  1.0845E-04  8.4679E-05  1.0845E-04  8.4679E-05
 -9.0000E-01 -3.7580E-02 -3.7593E-02 -3.7562E-02 -3.7575E-02
 -8.5000E-01 -7.6106E-02 -7.6110E-02 -7.5959E-02 -7.5964E-02
 -8.0000E-01 -1.1550E-01 -1.1550E-01 -1.1500E-01 -1.1499E-01
 -7.5000E-01 -1.5581E-01 -1.5581E-01 -1.5457E-01 -1.5457E-01
 -7.0000E-01 -1.9708E-01 -1.9708E-01 -1.9458E-01 -1.9458E-01
 -6.5000E-01 -2.3933E-01 -2.3934E-01 -2.3492E-01 -2.3492E-01
 -6.0000E-01 -2.8263E-01 -2.8264E-01 -2.7545E-01 -2.7546E-01
 -5.5000E-01 -3.2702E-01 -3.2704E-01 -3.1606E-01 -3.1608E-01
 -5.0000E-01 -3.7255E-01 -3.7259E-01 -3.5662E-01 -3.5665E-01
 -4.5000E-01 -4.1927E-01 -4.1933E-01 -3.9701E-01 -3.9706E-01
 -4.0000E-01 -4.6726E-01 -4.6733E-01 -4.3711E-01 -4.3717E-01
 -3.5000E-01 -5.1656E-01 -5.1666E-01 -4.7680E-01 -4.7689E-01
 -3.0000E-01 -5.6724E-01 -5.6737E-01 -5.1598E-01 -5.1608E-01
 -2.5000E-01 -6.1938E-01 -6.1955E-01 -5.5455E-01 -5.5467E-01
 -2.0000E-01 -6.7306E-01 -6.7327E-01 -5.9242E-01 -5.9256E-01
 -1.5000E-01 -7.2836E-01 -7.2860E-01 -6.2950E-01 -6.2967E-01
 -1.0000E-01 -7.8536E-01 -7.8565E-01 -6.6575E-01 -6.6593E-01
 -5.0000E-02 -8.4416E-01 -8.4451E-01 -7.0110E-01 -7.0130E-01
 -4.1633E-16 -9.0487E-01 -9.0527E-01 -7.3550E-01 -7.3572E-01
  5.0000E-02 -9.6760E-01 -9.6806E-01 -7.6893E-01 -7.6917E-01
  1.0000E-01 -1.0325E+00 -1.0330E+00 -8.0137E-01 -8.0162E-01
  1.5000E-01 -1.0996E+00 -1.1002E+00 -8.3280E-01 -8.3307E-01
  2.0000E-01 -1.1691E+00 -1.1698E+00 -8.6321E-01 -8.6350E-01
  2.5000E-01 -1.2412E+00 -1.2420E+00 -8.9262E-01 -8.9292E-01
  3.0000E-01 -1.3161E+00 -1.3169E+00 -9.2103E-01 -9.2134E-01
  3.5000E-01 -1.3938E+00 -1.3947E+00 -9.4845E-01 -9.4877E-01
  4.0000E-01 -1.4746E+00 -1.4757E+00 -9.7490E-01 -9.7523E-01
  4.5000E-01 -1.5588E+00 -1.5600E+00 -1.0004E+00 -1.0007E+00
  5.0000E-01 -1.6465E+00 -1.6478E+00 -1.0250E+00 -1.0253E+00
  5.5000E-01 -1.7381E+00 -1.7395E+00 -1.0487E+00 -1.0490E+00
  6.0000E-01 -1.8338E+00 -1.8353E+00 -1.0715E+00 -1.0719E+00
  6.5000E-01 -1.9338E+00 -1.9355E+00 -1.0936E+00 -1.0939E+00
  7.0000E-01 -2.0387E+00 -2.0405E+00 -1.1148E+00 -1.1151E+00
  7.5000E-01 -2.1487E+00 -2.1507E+00 -1.1352E+00 -1.1356E+00
  8.0000E-01 -2.2644E+00 -2.2665E+00 -1.1549E+00 -1.1553E+00
  8.5000E-01 -2.3861E+00 -2.3884E+00 -1.1739E+00 -1.1743E+00
  9.0000E-01 -2.5144E+00 -2.5169E+00 -1.1923E+00 -1.1926E+00
  9.5000E-01 -2.6499E+00 -2.6526E+00 -1.2100E+00 -1.2103E+00
  1.0000E+00 -2.7934E+00 -2.7963E+00 -1.2270E+00 -1.2274E+00
  1.0500E+00 -2.9455E+00 -2.9487E+00 -1.2435E+00 -1.2438E+00
  1.1000E+00 -3.1072E+00 -3.1106E+00 -1.2594E+00 -1.2598E+00
  1.1500E+00 -3.2795E+00 -3.2831E+00 -1.2748E+00 -1.2751E+00
  1.2000E+00 -3.4634E+00 -3.4673E+00 -1.2897E+00 -1.2900E+00
  1.2500E+00 -3.6604E+00 -3.6646E+00 -1.3041E+00 -1.3044E+00
  1.3000E+00 -3.8719E+00 -3.8764E+00 -1.3180E+00 -1.3183E+00
  1.3500E+00 -4.0996E+00 -4.1045E+00 -1.3315E+00 -1.3318E+00
  1.4000E+00 -4.3458E+00 -4.3510E+00 -1.3446E+00 -1.3449E+00
  1.4500E+00 -4.6127E+00 -4.6183E+00 -1.3573E+00 -1.3576E+00
  1.5000E+00 -4.9033E+00 -4.9094E+00 -1.3696E+00 -1.3699E+00
  1.5500E+00 -5.2211E+00 -5.2276E+00 -1.3816E+00 -1.3818E+00
  1.6000E+00 -5.5700E+00 -5.5771E+00 -1.3932E+00 -1.3934E+00
  1.6500E+00 -5.9553E+00 -5.9629E+00 -1.4044E+00 -1.4046E+00
  1.7000E+00 -6.3831E+00 -6.3913E+00 -1.4154E+00 -1.4156E+00
  1.7500E+00 -6.8610E+00 -6.8699E+00 -1.4261E+00 -1.4262E+00
  1.8000E+00 -7.3986E+00 -7.4083E+00 -1.4364E+00 -1.4366E+00
  1.8500E+00 -8.0083E+00 -8.0189E+00 -1.4466E+00 -1.4467E+00
  1.9000E+00 -8.7058E+00 -8.7175E+00 -1.4564E+00 -1.4566E+00
  1.9500E+00 -9.5122E+00 -9.5251E+00 -1.4661E+00 -1.4662E+00
  2.0000E+00 -1.0455E+01 -1.0470E+01 -1.4754E+00 -1.4756E+00
  2.0500E+00 -1.1574E+01 -1.1590E+01 -1.4846E+00 -1.4847E+00
  2.1000E+00 -1.2924E+01 -1.2942E+01 -1.4936E+00 -1.4937E+00
  2.1500E+00 -1.4583E+01 -1.4604E+01 -1.5023E+00 -1.5024E+00
  2.2000E+00 -1.6677E+01 -1.6701E+01 -1.5109E+00 -1.5110E+00
  2.2500E+00 -1.9399E+01 -1.9429E+01 -1.5193E+00 -1.5194E+00
  2.3000E+00 -2.3089E+01 -2.3125E+01 -1.5275E+00 -1.5276E+00
  2.3500E+00 -2.8374E+01 -2.8422E+01 -1.5356E+00 -1.5356E+00
  2.4000E+00 -3.6582E+01 -3.6649E+01 -1.5435E+00 -1.5435E+00
  2.4500E+00 -5.1072E+01 -5.1183E+01 -1.5512E+00 -1.5513E+00
  2.5000E+00 -8.3561E+01 -8.3805E+01 -1.5588E+00 -1.5589E+00
  2.5500E+00 -2.2275E+02 -2.2414E+02 -1.5663E+00 -1.5663E+00
  2.6000E+00  3.4950E+02  3.4690E+02 -1.5737E+00 -1.5737E+00
  2.6500E+00  9.9093E+01  9.8937E+01 -1.5809E+00 -1.5809E+00
  2.7000E+00  5.8110E+01  5.8074E+01 -1.5880E+00 -1.5880E+00
  2.7500E+00  4.1290E+01  4.1278E+01 -1.5950E+00 -1.5950E+00
  2.8000E+00  3.2125E+01  3.2121E+01 -1.6019E+00 -1.6019E+00
  2.8500E+00  2.6354E+01  2.6354E+01 -1.6087E+00 -1.6087E+00
  2.9000E+00  2.2386E+01  2.2386E+01 -1.6154E+00 -1.6154E+00
  2.9500E+00  1.9488E+01  1.9488E+01 -1.6221E+00 -1.6221E+00
  3.0000E+00  1.7277E+01  1.7277E+01 -1.6286E+00 -1.6286E+00
  3.0500E+00  1.5534E+01  1.5534E+01 -1.6351E+00 -1.6351E+00
  3.1000E+00  1.4124E+01  1.4123E+01 -1.6415E+00 -1.6415E+00
  3.1500E+00  1.2960E+01  1.2958E+01 -1.6478E+00 -1.6478E+00
  3.2000E+00  1.1981E+01  1.1978E+01 -1.6541E+00 -1.6541E+00
  3.2500E+00  1.1146E+01  1.1143E+01 -1.6603E+00 -1.6603E+00
  3.3000E+00  1.0425E+01  1.0422E+01 -1.6664E+00 -1.6665E+00
  3.3500E+00  9.7964E+00  9.7923E+00 -1.6725E+00 -1.6726E+00
  3.4000E+00  9.2426E+00  9.2379E+00 -1.6786E+00 -1.6786E+00
  3.4500E+00  8.7509E+00  8.7455E+00 -1.6846E+00 -1.6846E+00
  3.5000E+00  8.3111E+00  8.3051E+00 -1.6905E+00 -1.6906E+00
  3.5500E+00  7.9152E+00  7.9085E+00 -1.6965E+00 -1.6966E+00
  3.6000E+00  7.5567E+00  7.5494E+00 -1.7024E+00 -1.7025E+00
  3.6500E+00  7.2304E+00  7.2225E+00 -1.7082E+00 -1.7084E+00
  3.7000E+00  6.9319E+00  6.9233E+00 -1.7141E+00 -1.7142E+00
  3.7500E+00  6.6577E+00  6.6485E+00 -1.7199E+00 -1.7201E+00
  3.8000E+00  6.4048E+00  6.3949E+00 -1.7257E+00 -1.7259E+00
  3.8500E+00  6.1706E+00  6.1601E+00 -1.7315E+00 -1.7317E+00
  3.9000E+00  5.9531E+00  5.9419E+00 -1.7372E+00 -1.7375E+00
  3.9500E+00  5.7503E+00  5.7384E+00 -1.7430E+00 -1.7433E+00
  4.0000E+00  5.5607E+00  5.5481E+00 -1.7487E+00 -1.7491E+00
  4.0500E+00  5.3830E+00  5.3697E+00 -1.7545E+00 -1.7549E+00
  4.1000E+00  5.2160E+00  5.2020E+00 -1.7602E+00 -1.7607E+00
  4.1500E+00  5.0586E+00  5.0439E+00 -1.7660E+00 -1.7665E+00
  4.2000E+00  4.9099E+00  4.8946E+00 -1.7717E+00 -1.7723E+00
  4.2500E+00  4.7693E+00  4.7532E+00 -1.7775E+00 -1.7782E+00
  4.3000E+00  4.6359E+00  4.6190E+00 -1.7833E+00 -1.7840E+00
  4.3500E+00  4.5091E+00  4.4915E+00 -1.7890E+00 -1.7899E+00
  4.4000E+00  4.3884E+00  4.3700E+00 -1.7948E+00 -1.7958E+00
  4.4500E+00  4.2733E+00  4.2541E+00 -1.8007E+00 -1.8017E+00
  4.5000E+00  4.1633E+00  4.1433E+00 -1.8065E+00 -1.8076E+00
  4.5500E+00  4.0581E+00  4.0372E+00 -1.8124E+00 -1.8136E+00
  4.6000E+00  3.9572E+00  3.9355E+00 -1.8183E+00 -1.8196E+00
  4.6500E+00  3.8604E+00  3.8379E+00 -1.8243E+00 -1.8257E+00
  4.7000E+00  3.7674E+00  3.7440E+00 -1.8302E+00 -1.8318E+00
  4.7500E+00  3.6779E+00  3.6536E+00 -1.8363E+00 -1.8380E+00
  4.8000E+00  3.5916E+00  3.5664E+00 -1.8423E+00 -1.8442E+00
  4.8500E+00  3.5084E+00  3.4822E+00 -1.8485E+00 -1.8504E+00
  4.9000E+00  3.4280E+00  3.4009E+00 -1.8546E+00 -1.8568E+00
  4.9500E+00  3.3503E+00  3.3222E+00 -1.8609E+00 -1.8632E+00
