 -5.0000E+00  2.2441E+00  2.2266E+00  1.1516E+00  1.1487E+00
 -4.9500E+00  2.2331E+00  2.2157E+00  1.1498E+00  1.1468E+00
 -4.9000E+00  2.2220E+00  2.2048E+00  1.1479E+00  1.1450E+00
 -4.8500E+00  2.2109E+00  2.1938E+00  1.1460E+00  1.1431E+00
 -4.8000E+00  2.1998E+00  2.1827E+00  1.1441E+00  1.1412E+00
 -4.7500E+00  2.1886E+00  2.1716E+00  1.1422E+00  1.1393E+00
 -4.7000E+00  2.1773E+00  2.1605E+00  1.1402E+00  1.1373E+00
 -4.6500E+00  2.1660E+00  2.1493E+00  1.1383E+00  1.1353E+00
 -4.6000E+00  2.1546E+00  2.1380E+00  1.1363E+00  1.1333E+00
 -4.5500E+00  2.1432E+00  2.1267E+00  1.1342E+00  1.1313E+00
 -4.5000E+00  2.1317E+00  2.1153E+00  1.1322E+00  1.1292E+00
 -4.4500E+00  2.1202E+00  2.1039E+00  1.1301E+00  1.1271E+00
 -4.4000E+00  2.1086E+00  2.0924E+00  1.1280E+00  1.1250E+00
 -4.3500E+00  2.0969E+00  2.0808E+00  1.1258E+00  1.1228E+00
 -4.3000E+00  2.0852E+00  2.0692E+00  1.1236E+00  1.1206E+00
 -4.2500E+00  2.0734E+00  2.0576E+00  1.1214E+00  1.1184E+00
 -4.2000E+00  2.0616E+00  2.0458E+00  1.1192E+00  1.1161E+00
 -4.1500E+00  2.0497E+00  2.0340E+00  1.1169E+00  1.1139E+00
 -4.1000E+00  2.0377E+00  2.0222E+00  1.1146E+00  1.1115E+00
 -4.0500E+00  2.0257E+00  2.0103E+00  1.1122E+00  1.1092E+00
 -4.0000E+00  2.0136E+00  1.9983E+00  1.1099E+00  1.1068E+00
 -3.9500E+00  2.0015E+00  1.9862E+00  1.1074E+00  1.1044E+00
 -3.9000E+00  1.9892E+00  1.9741E+00  1.1050E+00  1.1019E+00
 -3.8500E+00  1.9769E+00  1.9620E+00  1.1025E+00  1.0994E+00
 -3.8000E+00  1.9646E+00  1.9497E+00  1.1000E+00  1.0969E+00
 -3.7500E+00  1.9522E+00  1.9374E+00  1.0974E+00  1.0943E+00
 -3.7000E+00  1.9396E+00  1.9250E+00  1.0948E+00  1.0917E+00
 -3.6500E+00  1.9271E+00  1.9125E+00  1.0921E+00  1.0890E+00
 -3.6000E+00  1.9144E+00  1.9000E+00  1.0894E+00  1.0863E+00
 -3.5500E+00  1.9017E+00  1.8874E+00  1.0867E+00  1.0836E+00
 -3.5000E+00  1.8889E+00  1.8747E+00  1.0839E+00  1.0808E+00
 -3.4500E+00  1.8760E+00  1.8620E+00  1.0811E+00  1.0779E+00
 -3.4000E+00  1.8631E+00  1.8491E+00  1.0782E+00  1.0750E+00
 -3.3500E+00  1.8500E+00  1.8362E+00  1.0752E+00  1.0721E+00
 -3.3000E+00  1.8369E+00  1.8232E+00  1.0723E+00  1.0691E+00
 -3.2500E+00  1.8237E+00  1.8101E+00  1.0692E+00  1.0661E+00
 -3.2000E+00  1.8104E+00  1.7970E+00  1.0661E+00  1.0630E+00
 -3.1500E+00  1.7970E+00  1.7837E+00  1.0630E+00  1.0598E+00
 -3.1000E+00  1.7836E+00  1.7704E+00  1.0598E+00  1.0566E+00
 -3.0500E+00  1.7700E+00  1.7570E+00  1.0565E+00  1.0534E+00
 -3.0000E+00  1.7564E+00  1.7435E+00  1.0532E+00  1.0500E+00
 -2.9500E+00  1.7427E+00  1.7299E+00  1.0498E+00  1.0467E+00
 -2.9000E+00  1.7289E+00  1.7162E+00  1.0464E+00  1.0432E+00
 -2.8500E+00  1.7149E+00  1.7024E+00  1.0429E+00  1.0397E+00
 -2.8000E+00  1.7009E+00  1.6885E+00  1.0393E+00  1.0361E+00
 -2.7500E+00  1.6868E+00  1.6745E+00  1.0357E+00  1.0325E+00
 -2.7000E+00  1.6726E+00  1.6605E+00  1.0319E+00  1.0287E+00
 -2.6500E+00  1.6583E+00  1.6463E+00  1.0282E+00  1.0249E+00
 -2.6000E+00  1.6439E+00  1.6320E+00  1.0243E+00  1.0211E+00
 -2.5500E+00  1.6294E+00  1.6176E+00  1.0203E+00  1.0171E+00
 -2.5000E+00  1.6147E+00  1.6031E+00  1.0163E+00  1.0131E+00
 -2.4500E+00  1.6000E+00  1.5885E+00  1.0122E+00  1.0090E+00
 -2.4000E+00  1.5851E+00  1.5738E+00  1.0080E+00  1.0047E+00
 -2.3500E+00  1.5702E+00  1.5590E+00  1.0037E+00  1.0005E+00
 -2.3000E+00  1.5551E+00  1.5440E+00  9.9932E-01  9.9606E-01
 -2.2500E+00  1.5399E+00  1.5289E+00  9.9484E-01  9.9158E-01
 -2.2000E+00  1.5245E+00  1.5138E+00  9.9026E-01  9.8700E-01
 -2.1500E+00  1.5091E+00  1.4984E+00  9.8558E-01  9.8231E-01
 -2.1000E+00  1.4935E+00  1.4830E+00  9.8079E-01  9.7752E-01
 -2.0500E+00  1.4778E+00  1.4674E+00  9.7589E-01  9.7262E-01
 -2.0000E+00  1.4620E+00  1.4517E+00  9.7088E-01  9.6761E-01
 -1.9500E+00  1.4460E+00  1.4359E+00  9.6575E-01  9.6247E-01
 -1.9000E+00  1.4299E+00  1.4199E+00  9.6050E-01  9.5722E-01
 -1.8500E+00  1.4136E+00  1.4038E+00  9.5512E-01  9.5184E-01
 -1.8000E+00  1.3972E+00  1.3876E+00  9.4960E-01  9.4632E-01
 -1.7500E+00  1.3807E+00  1.3712E+00  9.4395E-01  9.4067E-01
 -1.7000E+00  1.3640E+00  1.3546E+00  9.3816E-01  9.3488E-01
 -1.6500E+00  1.3471E+00  1.3379E+00  9.3222E-01  9.2894E-01
 -1.6000E+00  1.3301E+00  1.3210E+00  9.2613E-01  9.2284E-01
 -1.5500E+00  1.3129E+00  1.3040E+00  9.1988E-01  9.1659E-01
 -1.5000E+00  1.2956E+00  1.2868E+00  9.1346E-01  9.1017E-01
 -1.4500E+00  1.2781E+00  1.2695E+00  9.0687E-01  9.0358E-01
 -1.4000E+00  1.2604E+00  1.2519E+00  9.0009E-01  8.9681E-01
 -1.3500E+00  1.2425E+00  1.2342E+00  8.9313E-01  8.8985E-01
 -1.3000E+00  1.2245E+00  1.2163E+00  8.8598E-01  8.8270E-01
 -1.2500E+00  1.2063E+00  1.1983E+00  8.7862E-01  8.7534E-01
 -1.2000E+00  1.1879E+00  1.1800E+00  8.7105E-01  8.6777E-01
 -1.1500E+00  1.1692E+00  1.1615E+00  8.6326E-01  8.5998E-01
 -1.1000E+00  1.1504E+00  1.1428E+00  8.5523E-01  8.5196E-01
 -1.0500E+00  1.1314E+00  1.1240E+00  8.4696E-01  8.4370E-01
 -1.0000E+00  1.1121E+00  1.1049E+00  8.3844E-01  8.3519E-01
 -9.5000E-01  1.0927E+00  1.0856E+00  8.2966E-01  8.2641E-01
 -9.0000E-01  1.0730E+00  1.0660E+00  8.2060E-01  8.1736E-01
 -8.5000E-01  1.0531E+00  1.0463E+00  8.1125E-01  8.0801E-01
 -8.0000E-01  1.0329E+00  1.0263E+00  8.0160E-01  7.9837E-01
 -7.5000E-01  1.0126E+00  1.0060E+00  7.9163E-01  7.8841E-01
 -7.0000E-01  9.9191E-01  9.8556E-01  7.8134E-01  7.7812E-01
 -6.5000E-01  9.7101E-01  9.6481E-01  7.7069E-01  7.6749E-01
 -6.0000E-01  9.4984E-01  9.4379E-01  7.5968E-01  7.5649E-01
 -5.5000E-01  9.2840E-01  9.2250E-01  7.4828E-01  7.4511E-01
 -5.0000E-01  9.0667E-01  9.0093E-01  7.3649E-01  7.3333E-01
 -4.5000E-01  8.8466E-01  8.7907E-01  7.2427E-01  7.2113E-01
 -4.0000E-01  8.6235E-01  8.5691E-01  7.1162E-01  7.0849E-01
 -3.5000E-01  8.3972E-01  8.3444E-01  6.9850E-01  6.9539E-01
 -3.0000E-01  8.1678E-01  8.1165E-01  6.8489E-01  6.8181E-01
 -2.5000E-01  7.9351E-01  7.8853E-01  6.7077E-01  6.6771E-01
 -2.0000E-01  7.6990E-01  7.6508E-01  6.5612E-01  6.5308E-01
 -1.5000E-01  7.4594E-01  7.4127E-01  6.4090E-01  6.3789E-01
 -1.0000E-01  7.2162E-01  7.1709E-01  6.2509E-01  6.2211E-01
 -5.0000E-02  6.9692E-01  6.9254E-01  6.0866E-01  6.0570E-01
 -4.1633E-16  6.7183E-01  6.6761E-01  5.9157E-01  5.8865E-01
  5.0000E-02  6.4635E-01  6.4227E-01  5.7380E-01  5.7092E-01
  1.0000E-01  6.2044E-01  6.1651E-01  5.5531E-01  5.5247E-01
  1.5000E-01  5.9411E-01  5.9032E-01  5.3607E-01  5.3327E-01
  2.0000E-01  5.6732E-01  5.6369E-01  5.1604E-01  5.1329E-01
  2.5000E-01  5.4007E-01  5.3658E-01  4.9519E-01  4.9248E-01
  3.0000E-01  5.1235E-01  5.0900E-01  4.7348E-01  4.7082E-01
  3.5000E-01  4.8412E-01  4.8092E-01  4.5086E-01  4.4826E-01
  4.0000E-01  4.5537E-01  4.5231E-01  4.2731E-01  4.2478E-01
  4.5000E-01  4.2609E-01  4.2317E-01  4.0279E-01  4.0032E-01
  5.0000E-01  3.9624E-01  3.9346E-01  3.7726E-01  3.7485E-01
  5.5000E-01  3.6580E-01  3.6316E-01  3.5068E-01  3.4835E-01
  6.0000E-01  3.3476E-01  3.3226E-01  3.2304E-01  3.2078E-01
  6.5000E-01  3.0309E-01  3.0072E-01  2.9429E-01  2.9212E-01
  7.0000E-01  2.7075E-01  2.6851E-01  2.6441E-01  2.6233E-01
  7.5000E-01  2.3772E-01  2.3562E-01  2.3339E-01  2.3140E-01
  8.0000E-01  2.0397E-01  2.0200E-01  2.0121E-01  1.9932E-01
  8.5000E-01  1.6947E-01  1.6762E-01  1.6787E-01  1.6608E-01
  9.0000E-01  1.3417E-01  1.3245E-01  1.3338E-01  1.3169E-01
  9.5000E-01  9.8055E-02  9.6459E-02  9.7742E-02  9.6161E-02
  1.0000E+00  6.1072E-02  5.9596E-02  6.0996E-02  5.9525E-02
  1.0500E+00  2.3181E-02  2.1823E-02  2.3177E-02  2.1819E-02
  1.1000E+00 -1.5661E-02 -1.6905E-02 -1.5660E-02 -1.6903E-02
  1.1500E+00 -5.5503E-02 -5.6636E-02 -5.5446E-02 -5.6575E-02
  1.2000E+00 -9.6397E-02 -9.7421E-02 -9.6100E-02 -9.7115E-02
  1.2500E+00 -1.3840E-01 -1.3932E-01 -1.3752E-01 -1.3843E-01
  1.3000E+00 -1.8156E-01 -1.8238E-01 -1.7961E-01 -1.8040E-01
  1.3500E+00 -2.2596E-01 -2.2668E-01 -2.2222E-01 -2.2291E-01
  1.4000E+00 -2.7165E-01 -2.7228E-01 -2.6525E-01 -2.6583E-01
  1.4500E+00 -3.1871E-01 -3.1925E-01 -3.0853E-01 -3.0903E-01
  1.5000E+00 -3.6722E-01 -3.6769E-01 -3.5194E-01 -3.5234E-01
  1.5500E+00 -4.1727E-01 -4.1766E-01 -3.9531E-01 -3.9564E-01
  1.6000E+00 -4.6895E-01 -4.6927E-01 -4.3850E-01 -4.3876E-01
  1.6500E+00 -5.2236E-01 -5.2261E-01 -4.8138E-01 -4.8157E-01
  1.7000E+00 -5.7761E-01 -5.7780E-01 -5.2380E-01 -5.2394E-01
  1.7500E+00 -6.3482E-01 -6.3496E-01 -5.6563E-01 -5.6573E-01
  1.8000E+00 -6.9412E-01 -6.9422E-01 -6.0677E-01 -6.0683E-01
  1.8500E+00 -7.5565E-01 -7.5571E-01 -6.4711E-01 -6.4715E-01
  1.9000E+00 -8.1957E-01 -8.1960E-01 -6.8656E-01 -6.8658E-01
  1.9500E+00 -8.8604E-01 -8.8606E-01 -7.2505E-01 -7.2506E-01
  2.0000E+00 -9.5526E-01 -9.5527E-01 -7.6252E-01 -7.6252E-01
  2.0500E+00 -1.0274E+00 -1.0274E+00 -7.9893E-01 -7.9893E-01
  2.1000E+00 -1.1028E+00 -1.1028E+00 -8.3424E-01 -8.3425E-01
  2.1500E+00 -1.1816E+00 -1.1816E+00 -8.6843E-01 -8.6845E-01
  2.2000E+00 -1.2640E+00 -1.2641E+00 -9.0150E-01 -9.0154E-01
  2.2500E+00 -1.3506E+00 -1.3507E+00 -9.3345E-01 -9.3350E-01
  2.3000E+00 -1.4414E+00 -1.4417E+00 -9.6428E-01 -9.6436E-01
  2.3500E+00 -1.5371E+00 -1.5374E+00 -9.9402E-01 -9.9411E-01
  2.4000E+00 -1.6379E+00 -1.6384E+00 -1.0227E+00 -1.0228E+00
  2.4500E+00 -1.7445E+00 -1.7451E+00 -1.0503E+00 -1.0504E+00
  2.5000E+00 -1.8573E+00 -1.8580E+00 -1.0769E+00 -1.0771E+00
  2.5500E+00 -1.9770E+00 -1.9779E+00 -1.1025E+00 -1.1027E+00
  2.6000E+00 -2.1043E+00 -2.1055E+00 -1.1272E+00 -1.1274E+00
  2.6500E+00 -2.2401E+00 -2.2415E+00 -1.1509E+00 -1.1512E+00
  2.7000E+00 -2.3852E+00 -2.3870E+00 -1.1738E+00 -1.1741E+00
  2.7500E+00 -2.5409E+00 -2.5430E+00 -1.1959E+00 -1.1961E+00
  2.8000E+00 -2.7085E+00 -2.7110E+00 -1.2171E+00 -1.2174E+00
  2.8500E+00 -2.8893E+00 -2.8923E+00 -1.2376E+00 -1.2379E+00
  2.9000E+00 -3.0853E+00 -3.0888E+00 -1.2574E+00 -1.2577E+00
  2.9500E+00 -3.2986E+00 -3.3027E+00 -1.2764E+00 -1.2768E+00
  3.0000E+00 -3.5317E+00 -3.5366E+00 -1.2949E+00 -1.2952E+00
  3.0500E+00 -3.7877E+00 -3.7934E+00 -1.3127E+00 -1.3130E+00
  3.1000E+00 -4.0703E+00 -4.0771E+00 -1.3299E+00 -1.3303E+00
  3.1500E+00 -4.3843E+00 -4.3922E+00 -1.3465E+00 -1.3469E+00
  3.2000E+00 -4.7353E+00 -4.7446E+00 -1.3627E+00 -1.3631E+00
  3.2500E+00 -5.1307E+00 -5.1417E+00 -1.3783E+00 -1.3787E+00
  3.3000E+00 -5.5798E+00 -5.5928E+00 -1.3935E+00 -1.3939E+00
  3.3500E+00 -6.0948E+00 -6.1102E+00 -1.4082E+00 -1.4086E+00
  3.4000E+00 -6.6918E+00 -6.7102E+00 -1.4225E+00 -1.4229E+00
  3.4500E+00 -7.3927E+00 -7.4150E+00 -1.4363E+00 -1.4367E+00
  3.5000E+00 -8.2280E+00 -8.2554E+00 -1.4499E+00 -1.4503E+00
  3.5500E+00 -9.2415E+00 -9.2754E+00 -1.4630E+00 -1.4634E+00
  3.6000E+00 -1.0498E+01 -1.0541E+01 -1.4758E+00 -1.4762E+00
  3.6500E+00 -1.2098E+01 -1.2154E+01 -1.4883E+00 -1.4887E+00
  3.7000E+00 -1.4209E+01 -1.4284E+01 -1.5005E+00 -1.5009E+00
  3.7500E+00 -1.7121E+01 -1.7227E+01 -1.5125E+00 -1.5128E+00
  3.8000E+00 -2.1406E+01 -2.1566E+01 -1.5241E+00 -1.5245E+00
  3.8500E+00 -2.8340E+01 -2.8610E+01 -1.5355E+00 -1.5359E+00
  3.9000E+00 -4.1497E+01 -4.2054E+01 -1.5467E+00 -1.5470E+00
  3.9500E+00 -7.6135E+01 -7.7940E+01 -1.5577E+00 -1.5580E+00
  4.0000E+00 -4.2031E+02 -4.7836E+02 -1.5684E+00 -1.5687E+00
  4.0500E+00  1.2219E+02  1.1825E+02 -1.5790E+00 -1.5793E+00
  4.1000E+00  5.3848E+01  5.3117E+01 -1.5894E+00 -1.5896E+00
  4.1500E+00  3.4728E+01  3.4443E+01 -1.5996E+00 -1.5998E+00
  4.2000E+00  2.5727E+01  2.5582E+01 -1.6096E+00 -1.6099E+00
  4.2500E+00  2.0488E+01  2.0403E+01 -1.6196E+00 -1.6198E+00
  4.3000E+00  1.7057E+01  1.7004E+01 -1.6294E+00 -1.6295E+00
  4.3500E+00  1.4635E+01  1.4599E+01 -1.6390E+00 -1.6392E+00
  4.4000E+00  1.2831E+01  1.2807E+01 -1.6486E+00 -1.6487E+00
  4.4500E+00  1.1435E+01  1.1418E+01 -1.6580E+00 -1.6582E+00
  4.5000E+00  1.0321E+01  1.0309E+01 -1.6674E+00 -1.6675E+00
  4.5500E+00  9.4103E+00  9.4020E+00 -1.6767E+00 -1.6768E+00
  4.6000E+00  8.6518E+00  8.6459E+00 -1.6859E+00 -1.6859E+00
  4.6500E+00  8.0093E+00  8.0053E+00 -1.6950E+00 -1.6951E+00
  4.7000E+00  7.4576E+00  7.4550E+00 -1.7041E+00 -1.7041E+00
  4.7500E+00  6.9783E+00  6.9766E+00 -1.7131E+00 -1.7132E+00
  4.8000E+00  6.5576E+00  6.5566E+00 -1.7221E+00 -1.7221E+00
  4.8500E+00  6.1849E+00  6.1844E+00 -1.7311E+00 -1.7311E+00
  4.9000E+00  5.8522E+00  5.8520E+00 -1.7400E+00 -1.7400E+00
  4.9500E+00  5.5530E+00  5.5530E+00 -1.7490E+00 -1.7490E+00
